1,2
1,3
1,7
1,31
1,32
1,35
1,46
1,48
1,58
1,69
1,88
1,90
1,93
1,94
1,100
1,122
1,141
1,215
1,240
1,259
1,326
1,341
2,20
2,34
2,46
2,49
2,52
2,54
2,61
2,67
2,72
2,82
2,84
2,85
2,92
2,95
2,96
2,100
3,7
3,21
3,23
3,25
3,28
3,32
3,36
3,37
3,39
3,41
3,50
3,55
3,63
3,69
3,72
3,82
3,91
3,98
3,99
3,113
3,131
3,247
3,304
3,307
4,7
4,11
4,18
4,19
4,21
4,27
4,30
4,34
4,35
4,39
4,43
4,47
4,51
4,54
4,57
4,63
4,79
4,80
4,81
4,88
4,89
4,91
4,92
4,96
4,99
4,136
4,168
4,174
4,242
5,13
5,23
5,27
5,36
5,41
5,42
5,50
5,56
5,61
5,71
5,78
5,84
5,85
5,89
5,91
5,97
5,245
5,399
6,7
6,8
6,12
6,16
6,17
6,22
6,24
6,58
6,67
6,77
6,85
6,87
6,89
6,96
6,140
6,218
6,358
7,9
7,14
7,17
7,20
7,34
7,38
7,43
7,49
7,51
7,54
7,55
7,56
7,61
7,64
7,73
7,83
7,90
7,92
7,93
7,98
7,100
7,131
8,12
8,16
8,21
8,22
8,27
8,42
8,47
8,48
8,54
8,69
8,73
8,76
8,87
8,89
8,91
8,93
8,236
8,297
8,320
8,333
8,399
9,12
9,30
9,32
9,36
9,43
9,47
9,48
9,52
9,56
9,57
9,62
9,69
9,70
9,79
9,86
9,89
9,396
10,11
10,15
10,33
10,39
10,42
10,47
10,48
10,49
10,51
10,61
10,64
10,68
10,71
10,73
10,80
10,92
10,93
10,99
10,123
10,212
11,12
11,24
11,27
11,30
11,35
11,37
11,39
11,40
11,52
11,54
11,62
11,65
11,66
11,68
11,70
11,72
11,76
11,96
11,208
11,245
11,318
12,23
12,34
12,46
12,53
12,64
12,65
12,71
12,74
12,84
12,85
12,86
12,89
12,96
12,99
12,111
12,133
12,140
12,339
13,21
13,25
13,33
13,39
13,46
13,52
13,54
13,58
13,59
13,62
13,63
13,75
13,77
13,78
13,79
13,86
13,211
13,269
14,16
14,18
14,30
14,42
14,45
14,49
14,51
14,53
14,59
14,65
14,71
14,77
14,80
14,95
14,96
14,98
14,99
14,100
15,21
15,27
15,44
15,45
15,48
15,49
15,52
15,53
15,54
15,56
15,57
15,64
15,66
15,67
15,73
15,74
15,76
15,78
15,83
15,87
15,88
15,90
15,95
15,98
15,163
15,387
16,21
16,22
16,33
16,43
16,49
16,54
16,59
16,61
16,66
16,67
16,72
16,75
16,77
16,80
16,82
16,84
16,87
16,88
16,95
16,96
16,100
16,145
16,207
16,343
17,19
17,26
17,27
17,31
17,32
17,36
17,40
17,50
17,56
17,59
17,61
17,64
17,68
17,69
17,74
17,78
17,79
17,82
17,96
17,97
17,99
17,100
17,162
17,318
17,394
18,25
18,40
18,42
18,46
18,49
18,50
18,60
18,67
18,79
18,82
18,86
18,98
18,100
18,230
19,21
19,22
19,30
19,34
19,35
19,37
19,45
19,54
19,56
19,60
19,62
19,76
19,95
19,97
19,126
19,239
19,274
19,285
20,29
20,35
20,37
20,46
20,49
20,50
20,51
20,55
20,63
20,74
20,78
20,80
20,82
20,84
20,87
20,92
20,164
20,343
20,358
20,377
21,25
21,32
21,34
21,37
21,39
21,40
21,47
21,55
21,57
21,58
21,60
21,67
21,91
21,92
21,368
22,24
22,37
22,39
22,45
22,54
22,55
22,57
22,69
22,70
22,73
22,76
22,82
22,90
22,93
22,94
22,106
22,214
22,263
22,358
22,367
23,28
23,29
23,43
23,47
23,59
23,61
23,65
23,72
23,81
23,84
23,86
23,98
23,119
23,200
24,36
24,42
24,51
24,58
24,62
24,72
24,75
24,80
24,87
24,94
24,96
24,223
24,276
24,312
24,318
24,329
24,330
24,345
25,36
25,37
25,40
25,42
25,43
25,45
25,46
25,49
25,55
25,63
25,66
25,75
25,83
25,93
25,94
25,97
25,98
25,307
25,313
26,35
26,38
26,61
26,66
26,69
26,73
26,78
26,85
26,89
26,93
26,97
27,28
27,31
27,32
27,44
27,51
27,53
27,54
27,64
27,72
27,85
27,88
27,89
27,94
27,95
27,141
27,157
27,275
27,280
27,369
28,30
28,32
28,40
28,41
28,57
28,59
28,64
28,70
28,78
28,79
28,83
28,88
28,93
28,127
28,166
28,321
28,346
28,382
29,30
29,31
29,40
29,41
29,46
29,47
29,48
29,54
29,60
29,68
29,69
29,72
29,76
29,82
29,92
29,93
29,136
29,174
30,32
30,34
30,38
30,41
30,44
30,45
30,47
30,49
30,50
30,56
30,57
30,66
30,71
30,73
30,76
30,81
30,83
30,87
30,92
30,98
30,368
31,32
31,33
31,34
31,42
31,43
31,45
31,46
31,52
31,53
31,59
31,62
31,63
31,64
31,68
31,69
31,71
31,72
31,80
31,85
31,141
31,178
31,209
31,380
32,34
32,46
32,56
32,58
32,60
32,67
32,69
32,72
32,75
32,89
32,90
32,99
32,165
32,170
32,185
32,392
33,37
33,44
33,45
33,53
33,56
33,59
33,66
33,72
33,77
33,80
33,86
33,89
33,90
33,254
33,319
33,383
34,35
34,39
34,59
34,60
34,72
34,74
34,77
34,89
34,98
34,225
34,397
35,48
35,49
35,51
35,52
35,64
35,73
35,74
35,78
35,80
35,83
35,85
35,86
35,89
35,90
35,298
35,304
36,41
36,45
36,48
36,61
36,68
36,69
36,77
36,84
36,97
36,118
36,158
36,194
36,320
36,323
37,39
37,44
37,47
37,53
37,65
37,68
37,74
37,81
37,82
37,90
37,185
38,40
38,41
38,42
38,43
38,44
38,46
38,52
38,57
38,59
38,66
38,77
38,78
38,84
38,96
38,160
38,238
39,47
39,50
39,56
39,58
39,59
39,60
39,71
39,72
39,75
39,80
39,81
39,97
39,98
39,100
39,101
39,137
39,238
39,250
40,46
40,51
40,52
40,55
40,75
40,79
40,85
40,89
40,93
40,94
40,99
40,180
40,192
40,196
40,240
41,42
41,44
41,61
41,63
41,67
41,75
41,85
41,99
41,100
41,161
41,187
41,354
41,398
42,67
42,70
42,81
42,84
42,87
42,90
42,93
42,326
42,374
43,52
43,56
43,60
43,62
43,63
43,66
43,68
43,72
43,74
43,82
43,84
43,91
43,93
43,96
43,98
43,100
43,245
43,254
43,282
44,51
44,54
44,55
44,64
44,67
44,69
44,77
44,81
44,87
44,88
44,94
44,96
44,162
44,276
44,299
44,359
44,367
44,399
45,52
45,61
45,65
45,74
45,175
45,396
46,56
46,59
46,63
46,71
46,79
46,80
46,82
46,84
46,88
46,97
46,100
46,250
46,298
47,49
47,50
47,52
47,58
47,59
47,63
47,71
47,73
47,77
47,81
47,82
47,83
47,84
47,94
47,230
47,235
48,54
48,60
48,62
48,68
48,73
48,76
48,82
48,88
48,91
48,99
48,107
48,175
48,279
48,291
49,50
49,59
49,66
49,71
49,73
49,78
49,92
49,98
49,312
49,360
50,52
50,54
50,57
50,64
50,69
50,70
50,73
50,77
50,94
50,95
50,108
50,163
50,337
51,53
51,54
51,55
51,57
51,63
51,64
51,65
51,71
51,87
51,310
51,333
51,349
52,55
52,65
52,67
52,70
52,73
52,84
52,85
52,86
52,97
52,99
52,125
52,189
52,286
52,304
53,80
53,119
53,295
54,62
54,70
54,76
54,86
54,94
54,99
54,100
54,123
54,241
54,395
55,67
55,71
55,77
55,81
55,84
55,89
55,90
55,100
55,151
55,384
56,60
56,63
56,69
56,70
56,71
56,80
56,82
56,84
56,113
57,58
57,60
57,61
57,62
57,68
57,98
57,145
57,397
58,76
58,79
58,89
58,90
58,91
58,96
58,111
58,122
58,169
58,246
58,273
58,349
59,68
59,69
59,71
59,84
59,86
59,90
59,93
59,100
59,324
59,392
60,62
60,68
60,73
60,77
60,84
60,86
60,87
60,89
60,94
60,124
60,136
61,66
61,75
61,77
61,79
61,81
61,96
61,166
61,208
61,221
61,328
62,72
62,73
62,74
62,78
62,84
62,88
62,92
62,94
62,99
62,120
62,125
62,243
63,66
63,73
63,75
63,80
63,89
63,96
63,98
63,332
63,347
64,66
64,70
64,87
64,93
64,241
64,343
65,66
65,68
65,75
65,76
65,81
65,90
65,100
65,146
65,392
66,77
66,80
66,89
66,92
66,99
66,100
66,139
66,215
67,68
67,76
67,85
67,86
67,93
67,94
67,99
67,100
67,131
67,227
67,285
68,72
68,75
68,80
68,82
68,87
68,96
68,99
68,149
69,76
69,78
69,84
69,94
70,75
70,88
70,94
70,95
70,97
70,100
70,181
70,270
70,330
70,367
70,375
71,73
71,76
71,81
71,89
71,93
71,295
71,347
72,81
72,84
72,85
72,87
72,92
72,93
72,270
72,342
73,89
73,93
73,97
73,100
73,126
73,378
74,80
74,82
74,92
74,100
74,103
75,87
75,88
75,89
75,93
75,242
76,91
76,92
76,284
76,307
77,81
77,90
77,99
77,165
77,357
78,83
78,86
78,90
78,94
78,97
78,99
78,266
78,373
79,90
79,98
79,105
79,337
80,81
80,82
80,84
80,85
80,86
80,88
80,90
80,96
80,97
80,156
80,221
80,298
80,336
81,82
81,83
81,85
81,87
81,89
81,94
81,98
81,99
81,156
81,289
81,291
82,83
82,85
82,88
82,112
82,116
82,150
82,255
83,84
83,86
83,93
83,95
83,100
83,304
83,307
83,361
83,389
84,86
84,90
84,95
84,106
84,284
84,366
84,374
85,90
85,92
85,99
85,242
85,279
85,305
85,307
86,90
86,91
86,93
86,114
86,242
87,88
87,90
87,93
87,97
87,100
87,134
87,169
87,183
87,254
87,274
87,353
88,92
89,91
89,255
89,264
89,281
89,296
89,389
90,133
90,358
90,397
91,96
91,100
91,149
91,201
91,276
91,277
91,338
91,356
91,362
92,97
92,252
92,254
93,96
93,97
93,100
93,148
93,329
93,341
93,362
94,95
94,96
94,145
94,181
95,99
95,227
95,330
96,98
96,178
96,236
96,243
96,327
97,100
97,189
97,200
97,236
97,272
97,316
98,100
98,149
98,192
99,214
99,230
99,268
99,283
99,308
101,106
101,111
101,126
101,131
101,132
101,134
101,139
101,143
101,144
101,148
101,157
101,158
101,163
101,170
101,178
101,184
101,186
101,191
101,194
101,199
101,200
101,301
101,329
102,106
102,114
102,115
102,119
102,128
102,130
102,137
102,139
102,141
102,148
102,153
102,165
102,168
102,169
102,184
102,188
102,191
102,232
102,296
102,325
102,391
103,116
103,118
103,123
103,129
103,137
103,141
103,142
103,143
103,151
103,156
103,157
103,160
103,161
103,162
103,174
103,189
103,191
103,200
103,244
103,281
104,116
104,130
104,134
104,135
104,137
104,143
104,146
104,147
104,160
104,162
104,164
104,167
104,168
104,173
104,175
104,182
104,191
104,192
104,200
104,263
104,268
104,333
105,110
105,111
105,113
105,121
105,125
105,126
105,137
105,138
105,159
105,165
105,168
105,176
105,177
105,183
105,186
105,188
105,189
105,333
105,376
106,107
106,124
106,128
106,145
106,146
106,150
106,152
106,153
106,163
106,171
106,179
106,183
106,195
106,260
106,344
107,108
107,112
107,116
107,124
107,127
107,133
107,136
107,143
107,156
107,162
107,163
107,166
107,178
107,183
107,184
107,187
107,193
107,195
107,391
107,399
108,111
108,117
108,122
108,123
108,124
108,131
108,133
108,134
108,162
108,164
108,169
108,188
108,192
108,194
108,198
108,200
108,207
108,249
108,264
108,310
108,313
108,386
109,127
109,132
109,135
109,138
109,145
109,149
109,153
109,166
109,177
109,180
109,192
109,247
109,285
110,116
110,123
110,126
110,143
110,145
110,151
110,168
110,172
110,191
110,193
110,297
110,343
111,117
111,118
111,128
111,131
111,136
111,143
111,152
111,158
111,170
111,171
111,173
111,191
111,269
111,283
111,346
112,116
112,117
112,128
112,135
112,136
112,142
112,145
112,147
112,150
112,154
112,159
112,167
112,171
112,173
112,174
112,175
112,177
112,182
112,183
112,184
112,186
112,190
112,194
112,350
112,363
113,114
113,123
113,125
113,128
113,135
113,136
113,137
113,140
113,146
113,158
113,163
113,168
113,174
113,181
113,183
113,185
113,189
113,193
113,197
113,221
113,249
113,253
113,367
114,120
114,122
114,136
114,137
114,142
114,143
114,147
114,148
114,149
114,155
114,161
114,168
114,173
114,175
114,180
114,181
114,185
114,192
114,350
115,117
115,122
115,128
115,132
115,136
115,139
115,141
115,145
115,149
115,157
115,158
115,162
115,168
115,174
115,177
115,183
115,185
115,186
115,188
115,394
116,121
116,122
116,123
116,134
116,138
116,139
116,142
116,146
116,149
116,155
116,167
116,178
116,179
116,183
116,234
116,242
116,283
116,308
117,118
117,121
117,123
117,127
117,128
117,130
117,135
117,137
117,138
117,141
117,148
117,164
117,167
117,178
117,182
117,194
117,199
117,271
118,125
118,131
118,136
118,138
118,158
118,169
118,174
118,178
118,180
118,183
118,190
118,253
118,322
119,122
119,127
119,136
119,140
119,149
119,156
119,160
119,162
119,170
119,171
119,172
119,174
119,176
119,177
119,187
119,189
119,197
120,127
120,128
120,130
120,133
120,135
120,136
120,143
120,151
120,155
120,159
120,168
120,170
120,175
120,177
120,179
120,181
120,186
120,197
121,132
121,137
121,139
121,140
121,150
121,152
121,159
121,161
121,162
121,164
121,165
121,175
121,179
121,182
121,192
121,194
121,195
121,199
121,241
121,257
122,132
122,143
122,151
122,153
122,157
122,169
122,170
122,172
122,178
122,182
122,184
122,196
122,200
122,253
122,316
122,391
123,124
123,132
123,133
123,139
123,141
123,147
123,152
123,153
123,158
123,159
123,160
123,170
123,177
123,178
123,187
123,189
123,191
123,194
123,199
123,200
124,127
124,132
124,133
124,137
124,138
124,147
124,149
124,158
124,164
124,165
124,166
124,172
124,182
124,187
124,191
124,199
124,200
124,264
125,129
125,131
125,133
125,142
125,143
125,153
125,167
125,169
125,170
125,174
125,184
125,190
125,193
125,194
125,294
126,130
126,133
126,145
126,149
126,153
126,161
126,164
126,165
126,171
126,184
126,185
126,193
126,199
126,269
126,344
127,134
127,141
127,143
127,148
127,167
127,172
127,178
127,179
127,183
127,186
127,200
127,280
128,129
128,132
128,142
128,145
128,155
128,160
128,166
128,175
128,180
128,181
128,183
128,189
128,192
128,197
128,306
129,130
129,144
129,155
129,165
129,173
129,174
129,184
129,189
129,194
129,195
129,243
129,369
130,132
130,145
130,155
130,157
130,162
130,167
130,168
130,181
130,182
130,188
130,196
130,198
130,219
131,132
131,135
131,146
131,148
131,153
131,155
131,162
131,163
131,170
131,172
131,175
131,177
131,183
131,184
131,192
131,197
131,198
131,200
131,208
131,247
131,323
131,348
131,382
132,137
132,143
132,148
132,150
132,152
132,153
132,165
132,166
132,169
132,172
132,179
132,180
132,185
132,186
132,194
132,195
132,196
132,225
133,137
133,146
133,150
133,151
133,155
133,157
133,164
133,172
133,176
133,181
133,186
133,188
133,190
133,191
133,199
133,231
133,303
134,140
134,145
134,146
134,148
134,152
134,154
134,155
134,175
134,177
134,179
134,183
134,188
134,195
134,208
134,254
134,324
135,138
135,144
135,145
135,148
135,156
135,157
135,160
135,165
135,169
135,173
135,174
135,186
135,187
135,258
136,139
136,144
136,152
136,153
136,156
136,157
136,165
136,167
136,180
136,185
136,197
136,198
136,200
136,331
137,140
137,142
137,145
137,153
137,154
137,172
137,178
137,179
137,180
137,181
137,190
137,192
138,141
138,154
138,170
138,182
138,187
138,192
138,197
138,206
138,365
139,144
139,148
139,155
139,160
139,161
139,166
139,167
139,172
139,179
139,181
139,196
139,270
139,394
140,142
140,143
140,144
140,149
140,162
140,163
140,164
140,168
140,174
140,179
140,192
140,200
140,260
141,142
141,156
141,157
141,159
141,173
141,174
141,175
141,176
141,184
141,186
141,187
141,190
141,196
141,233
141,316
142,145
142,146
142,161
142,175
142,184
142,185
142,187
142,192
142,193
142,198
142,270
142,281
142,329
142,381
143,146
143,150
143,152
143,155
143,158
143,167
143,168
143,177
143,180
143,184
143,185
143,188
143,192
143,317
143,330
144,157
144,158
144,162
144,176
144,178
144,183
144,184
144,188
144,192
144,198
144,271
144,333
144,381
145,147
145,150
145,154
145,161
145,163
145,169
145,171
145,172
145,173
145,179
145,184
145,186
145,189
145,194
145,195
145,198
145,290
146,151
146,154
146,155
146,157
146,162
146,163
146,165
146,167
146,168
146,170
146,174
146,176
146,178
146,179
146,189
146,196
146,368
147,156
147,165
147,167
147,168
147,171
147,173
147,177
147,179
147,183
147,193
147,194
147,195
147,197
148,149
148,150
148,151
148,152
148,165
148,167
148,174
148,177
148,183
148,186
148,190
148,196
148,236
148,251
148,314
149,153
149,158
149,164
149,171
149,173
149,174
149,178
149,179
149,180
149,189
149,192
149,308
149,384
150,179
150,181
150,182
150,186
150,188
150,189
150,191
150,193
150,195
150,224
150,265
150,368
151,165
151,170
151,172
151,179
151,184
151,189
151,200
151,223
152,153
152,160
152,162
152,165
152,170
152,173
152,174
152,179
152,183
152,184
152,188
152,190
152,192
152,196
152,336
153,155
153,164
153,167
153,169
153,171
153,176
153,177
153,181
153,184
153,189
153,190
153,198
153,200
153,244
154,159
154,165
154,172
154,183
154,187
154,243
154,385
155,159
155,162
155,174
155,175
155,176
155,177
155,179
155,182
155,198
155,298
156,164
156,166
156,180
156,184
156,185
156,189
156,190
156,195
156,197
156,227
156,241
156,351
157,162
157,165
157,171
157,172
157,174
157,185
157,188
157,190
157,191
157,196
157,197
157,302
157,340
158,164
158,166
158,176
158,182
158,184
158,186
158,194
158,196
158,197
158,275
158,330
159,160
159,173
159,183
159,184
159,189
159,192
159,195
159,199
159,217
159,290
159,334
160,164
160,168
160,173
160,174
160,177
160,196
160,384
160,385
161,168
161,178
161,199
161,200
161,230
161,304
162,166
162,176
162,177
162,179
162,187
162,191
162,192
162,200
162,299
162,304
163,173
163,182
163,192
163,198
163,236
163,240
163,380
164,174
164,184
164,187
164,190
164,195
164,200
164,383
165,172
165,175
165,178
165,184
165,185
165,192
165,193
165,200
165,350
165,370
165,371
165,375
166,171
166,175
166,178
166,181
166,188
166,195
166,353
166,354
166,367
166,381
167,177
167,182
167,190
167,194
167,196
168,170
168,174
168,177
168,185
168,187
168,191
168,194
168,316
168,330
169,174
169,178
169,187
169,192
169,198
169,200
169,230
170,171
170,173
170,175
170,176
170,184
170,196
170,309
170,351
171,172
171,173
171,175
171,181
171,191
171,194
171,222
171,265
172,174
172,175
172,180
172,182
172,183
172,187
172,188
172,191
172,193
172,197
172,214
172,261
172,283
173,174
173,178
173,183
173,185
173,189
173,208
173,367
174,181
174,184
174,185
174,192
174,197
174,232
174,265
175,183
175,299
175,346
175,352
176,180
176,187
176,191
176,192
176,194
176,195
176,197
177,178
177,186
177,188
177,189
177,192
177,195
177,200
177,262
177,291
178,186
178,193
178,196
178,197
178,204
178,207
178,367
179,180
179,198
179,199
179,200
179,229
179,326
179,349
180,185
180,189
180,198
180,199
180,209
180,354
180,377
181,187
181,189
181,352
182,183
182,188
182,191
182,195
182,197
182,233
183,185
183,188
183,195
183,198
183,206
183,230
183,282
183,329
184,186
184,189
184,191
184,192
184,200
184,257
184,281
184,285
184,317
185,188
185,190
185,196
185,197
185,314
185,352
186,391
187,188
187,193
187,200
187,368
187,376
188,191
188,195
188,251
189,191
189,200
189,218
190,192
190,198
190,315
190,386
191,334
192,202
192,254
192,262
192,311
192,316
192,322
192,323
193,198
193,214
194,195
194,196
194,222
194,237
194,376
195,196
195,197
195,281
195,365
195,366
196,202
196,257
196,385
197,287
197,308
198,269
198,303
198,322
199,216
199,241
199,257
199,274
201,202
201,206
201,207
201,208
201,210
201,224
201,225
201,232
201,236
201,239
201,241
201,244
201,246
201,248
201,249
201,263
201,269
201,271
201,276
201,286
201,360
201,375
202,203
202,204
202,209
202,220
202,226
202,233
202,236
202,237
202,240
202,241
202,290
202,299
202,381
203,205
203,209
203,214
203,215
203,227
203,228
203,234
203,238
203,241
203,244
203,254
203,255
203,263
203,266
203,267
203,269
203,271
203,278
203,284
203,286
203,290
203,294
203,296
203,297
203,389
204,213
204,220
204,221
204,226
204,238
204,241
204,256
204,261
204,262
204,263
204,266
204,271
204,273
204,275
204,281
204,284
204,286
204,288
204,296
204,321
204,353
205,207
205,213
205,215
205,221
205,222
205,224
205,226
205,230
205,233
205,235
205,248
205,250
205,263
205,264
205,266
205,273
205,274
205,278
205,279
205,291
205,295
205,299
205,300
205,327
205,374
206,207
206,210
206,212
206,213
206,221
206,230
206,231
206,232
206,241
206,242
206,243
206,253
206,255
206,265
206,270
206,271
206,272
206,273
206,278
206,279
206,280
206,283
206,320
207,212
207,222
207,224
207,227
207,235
207,246
207,247
207,253
207,254
207,269
207,287
207,288
207,291
207,294
207,297
208,210
208,214
208,217
208,219
208,255
208,261
208,263
208,266
208,276
208,277
208,279
208,283
208,287
208,289
208,290
208,296
208,297
208,352
209,211
209,217
209,228
209,233
209,240
209,249
209,250
209,251
209,264
209,278
209,286
209,297
209,348
209,385
210,215
210,225
210,229
210,236
210,241
210,243
210,249
210,254
210,256
210,262
210,268
210,273
210,276
210,278
210,284
210,294
210,297
210,300
210,364
211,217
211,230
211,231
211,238
211,242
211,243
211,248
211,250
211,251
211,255
211,260
211,284
211,286
211,362
212,216
212,224
212,225
212,227
212,231
212,241
212,242
212,251
212,254
212,256
212,259
212,278
212,279
212,294
212,297
213,216
213,218
213,223
213,224
213,227
213,236
213,238
213,252
213,266
213,269
213,272
213,278
213,279
213,280
213,287
213,291
213,346
214,219
214,224
214,226
214,227
214,228
214,231
214,233
214,234
214,244
214,254
214,255
214,257
214,262
214,269
214,275
214,277
214,278
214,284
214,291
214,294
214,300
214,371
215,216
215,222
215,224
215,230
215,232
215,254
215,258
215,284
215,287
215,289
215,296
215,300
215,360
216,219
216,228
216,234
216,249
216,260
216,272
216,275
216,277
216,285
216,286
216,287
216,293
216,294
216,300
216,360
217,222
217,226
217,234
217,244
217,248
217,249
217,250
217,251
217,254
217,255
217,259
217,260
217,265
217,266
217,269
217,275
217,281
217,282
217,296
217,300
217,320
217,333
217,367
217,373
217,382
217,388
218,222
218,231
218,232
218,237
218,238
218,239
218,240
218,244
218,245
218,248
218,251
218,256
218,265
218,274
218,277
218,282
218,285
218,286
218,296
218,297
218,300
218,305
218,325
218,367
219,223
219,230
219,235
219,239
219,243
219,253
219,255
219,265
219,271
219,272
219,278
219,280
219,290
219,291
219,296
219,297
219,299
219,319
219,337
220,229
220,233
220,240
220,244
220,253
220,257
220,259
220,269
220,272
220,372
221,233
221,235
221,237
221,241
221,246
221,248
221,249
221,257
221,260
221,263
221,272
221,277
221,279
221,280
221,296
221,300
221,304
222,225
222,229
222,232
222,236
222,238
222,244
222,247
222,250
222,261
222,262
222,263
222,276
222,277
222,299
223,228
223,235
223,241
223,242
223,249
223,251
223,272
223,276
223,280
223,285
223,286
223,288
223,291
223,295
223,348
224,226
224,227
224,241
224,242
224,247
224,250
224,253
224,258
224,265
224,267
224,277
224,283
224,289
225,234
225,240
225,244
225,251
225,258
225,262
225,269
225,271
226,236
226,239
226,247
226,249
226,259
226,265
226,276
226,285
226,287
226,288
226,292
226,293
226,295
226,379
226,387
227,229
227,234
227,237
227,239
227,245
227,252
227,264
227,286
227,288
227,294
227,296
228,236
228,237
228,245
228,251
228,254
228,263
228,270
228,272
228,276
228,279
228,289
228,295
228,297
228,298
228,352
229,233
229,246
229,248
229,249
229,252
229,254
229,261
229,265
229,274
229,279
229,283
229,291
229,295
230,236
230,245
230,252
230,257
230,268
230,271
230,273
230,293
230,296
230,300
230,386
231,248
231,250
231,251
231,261
231,270
231,271
231,275
231,287
231,294
232,236
232,238
232,241
232,242
232,252
232,254
232,262
232,264
232,265
232,271
232,274
232,278
232,282
232,298
232,300
232,371
233,235
233,252
233,257
233,259
233,273
233,276
233,289
233,375
234,238
234,239
234,240
234,244
234,251
234,252
234,258
234,267
234,275
234,280
234,281
234,288
234,345
235,255
235,261
235,286
235,290
235,293
235,296
235,298
235,300
235,345
236,247
236,251
236,252
236,256
236,262
236,268
236,277
236,283
236,297
236,298
237,241
237,245
237,247
237,250
237,252
237,255
237,257
237,264
237,276
237,279
237,282
237,286
237,289
237,294
237,343
238,242
238,245
238,269
238,276
238,278
238,280
238,284
238,286
238,289
238,293
238,300
238,351
239,246
239,251
239,253
239,259
239,272
239,274
239,284
239,285
239,294
239,297
239,300
239,300
239,379
240,245
240,247
240,254
240,255
240,259
240,260
240,265
240,269
240,275
240,279
240,286
240,313
240,393
241,247
241,253
241,254
241,264
241,266
241,269
241,297
242,245
242,247
242,259
242,267
242,268
242,269
242,271
242,287
242,293
242,297
242,320
242,327
242,365
242,383
243,244
243,248
243,255
243,257
243,258
243,261
243,270
243,274
243,280
243,282
243,292
243,293
243,295
243,296
243,299
243,352
243,361
243,362
244,253
244,261
244,262
244,266
244,274
244,278
244,279
244,282
244,285
244,289
244,293
244,298
244,351
244,377
245,248
245,249
245,252
245,253
245,254
245,255
245,256
245,263
245,265
245,271
245,275
245,279
245,280
245,282
245,289
245,294
245,295
245,300
245,302
246,252
246,258
246,260
246,264
246,265
246,269
246,272
246,279
246,286
246,287
246,296
246,356
246,360
247,256
247,262
247,266
247,267
247,269
247,272
247,287
247,294
247,299
248,257
248,262
248,275
248,279
248,283
248,288
248,290
248,291
248,292
248,293
248,366
249,253
249,257
249,259
249,266
249,267
249,268
249,292
249,295
249,342
250,253
250,261
250,266
250,270
250,271
250,272
250,275
250,276
250,280
250,293
250,295
250,329
251,252
251,266
251,268
251,271
251,275
251,281
251,285
251,291
251,293
252,261
252,267
252,271
252,276
252,277
252,295
252,297
252,299
252,363
253,254
253,260
253,268
253,273
253,274
253,275
253,285
253,288
253,292
253,296
254,263
254,266
254,267
254,268
254,282
254,286
254,289
254,294
254,295
254,297
254,375
255,257
255,258
255,259
255,271
255,275
255,278
255,279
255,285
255,288
255,296
255,344
255,365
256,259
256,263
256,267
256,270
256,273
256,277
256,282
256,285
256,351
257,261
257,262
257,266
257,268
257,273
257,275
257,276
257,277
257,297
257,314
257,339
258,262
258,268
258,270
258,271
258,273
258,275
258,278
258,287
259,261
259,263
259,266
259,268
259,272
259,274
259,276
259,277
259,278
259,280
259,283
259,291
259,296
260,262
260,266
260,270
260,278
260,287
260,292
260,294
260,382
261,268
261,269
261,277
261,280
261,281
261,288
261,289
261,291
261,295
261,378
262,264
262,269
262,270
262,290
262,292
262,293
262,294
263,274
263,279
263,280
263,281
263,286
263,290
263,294
263,296
263,298
264,265
264,269
264,270
264,274
264,281
264,289
264,291
264,292
264,293
264,296
264,297
264,299
264,300
264,323
264,383
265,273
265,277
265,279
265,291
265,293
265,297
265,299
265,362
266,277
266,281
266,292
266,320
266,333
267,269
267,271
267,272
267,276
267,277
267,281
267,282
267,288
267,289
267,291
267,297
267,299
268,278
268,279
268,280
268,284
268,285
268,293
269,272
269,276
269,281
269,287
269,288
269,290
269,382
270,274
270,281
270,288
270,292
271,273
271,278
271,281
271,287
271,290
271,292
271,300
272,281
272,289
272,298
272,327
273,277
273,278
273,280
274,280
274,281
274,284
274,289
274,291
275,288
275,289
275,290
275,292
275,387
275,388
276,286
276,287
276,293
276,296
277,281
277,288
277,291
277,300
277,399
278,283
278,286
278,289
278,291
278,292
278,293
278,294
278,295
278,298
278,308
279,283
279,284
279,286
279,288
279,291
279,295
280,282
280,283
280,285
280,289
280,312
280,342
280,364
281,286
281,292
281,299
281,300
281,352
282,291
282,298
282,299
282,328
283,288
283,289
283,291
283,293
283,294
283,377
283,381
284,298
284,300
285,288
285,297
286,290
286,292
287,290
287,294
287,299
287,300
288,294
288,299
289,293
289,296
289,299
290,296
290,352
290,367
291,293
291,298
291,299
291,398
292,311
292,317
293,295
293,297
293,303
293,347
293,384
294,296
294,326
295,297
295,299
296,299
296,300
297,298
299,395
301,302
301,303
301,305
301,307
301,308
301,316
301,318
301,321
301,325
301,326
301,331
301,335
301,341
301,344
301,346
301,354
301,355
301,362
301,376
301,389
302,309
302,316
302,325
302,327
302,335
302,338
302,340
302,341
302,344
302,360
302,364
302,370
302,376
302,379
302,386
302,390
302,394
303,307
303,313
303,317
303,323
303,324
303,327
303,330
303,333
303,334
303,336
303,339
303,345
303,358
303,360
303,364
303,373
303,374
303,375
303,383
303,384
303,388
303,394
303,397
303,400
304,310
304,317
304,318
304,332
304,345
304,348
304,357
304,364
304,367
304,375
304,377
304,380
304,393
304,396
304,399
305,307
305,308
305,309
305,312
305,316
305,318
305,319
305,331
305,336
305,338
305,342
305,345
305,347
305,356
305,360
305,368
305,369
305,371
305,376
305,377
305,378
305,384
305,385
305,390
305,398
305,400
306,307
306,311
306,313
306,317
306,319
306,330
306,331
306,336
306,337
306,339
306,340
306,344
306,348
306,354
306,355
306,358
306,367
306,368
306,371
306,385
306,388
306,389
306,397
306,398
307,311
307,312
307,313
307,320
307,323
307,324
307,327
307,333
307,335
307,338
307,342
307,347
307,358
307,361
307,366
307,368
307,374
307,395
307,397
308,329
308,331
308,335
308,340
308,343
308,345
308,356
308,358
308,365
308,367
308,369
308,371
308,372
308,373
308,379
308,381
308,393
308,396
308,398
308,400
309,323
309,326
309,329
309,333
309,334
309,337
309,344
309,360
309,361
309,376
309,378
309,381
309,384
309,387
309,392
309,393
309,394
309,397
309,398
310,314
310,321
310,322
310,325
310,335
310,343
310,354
310,359
310,360
310,362
310,379
310,381
310,384
310,385
310,390
310,393
311,317
311,319
311,321
311,342
311,349
311,355
311,359
311,360
311,362
311,374
311,387
311,395
311,397
311,400
312,313
312,318
312,328
312,330
312,333
312,341
312,342
312,345
312,346
312,352
312,358
312,360
312,368
312,374
312,377
312,378
312,383
312,385
312,400
313,320
313,331
313,335
313,346
313,349
313,350
313,353
313,357
313,371
313,372
313,373
313,375
313,381
313,385
313,390
313,394
314,317
314,323
314,333
314,336
314,339
314,341
314,342
314,343
314,345
314,347
314,348
314,354
314,356
314,357
314,359
314,362
314,366
314,371
314,385
314,387
314,389
314,390
314,391
314,393
315,320
315,322
315,325
315,326
315,330
315,337
315,340
315,345
315,348
315,355
315,387
315,390
315,391
316,317
316,329
316,330
316,331
316,337
316,338
316,340
316,341
316,347
316,353
316,361
316,362
316,375
316,376
316,377
316,384
316,386
316,389
316,394
317,322
317,323
317,325
317,350
317,353
317,362
317,364
317,366
317,367
317,369
317,373
317,395
317,397
317,398
317,399
318,320
318,325
318,331
318,332
318,338
318,342
318,347
318,349
318,353
318,366
318,367
318,368
318,372
318,381
318,382
318,383
318,384
318,390
318,395
319,328
319,335
319,336
319,337
319,338
319,340
319,346
319,348
319,352
319,353
319,358
319,363
319,367
319,369
319,380
319,385
319,388
319,390
319,396
320,327
320,333
320,336
320,363
320,365
320,378
320,383
320,389
321,328
321,329
321,331
321,333
321,341
321,346
321,354
321,362
321,364
321,366
321,369
321,375
321,383
321,387
321,389
321,390
321,393
321,395
322,327
322,343
322,345
322,356
322,360
322,375
322,376
322,379
322,384
322,389
322,396
323,327
323,329
323,339
323,340
323,346
323,355
323,356
323,360
323,374
323,377
323,386
323,387
323,392
323,393
323,394
323,399
324,331
324,341
324,353
324,365
324,366
324,369
324,382
324,383
324,385
324,390
324,395
324,396
325,331
325,339
325,348
325,359
325,360
325,372
325,377
325,378
325,382
325,384
325,386
325,389
325,400
326,335
326,339
326,340
326,341
326,345
326,346
326,348
326,358
326,363
326,365
326,368
326,375
326,387
326,391
326,397
327,331
327,340
327,345
327,351
327,357
327,363
327,365
327,367
327,369
327,376
327,383
327,386
327,396
327,397
327,399
328,335
328,340
328,341
328,345
328,346
328,348
328,351
328,361
328,366
328,383
328,384
328,389
328,390
328,391
328,396
328,398
328,400
329,331
329,342
329,344
329,346
329,349
329,351
329,359
329,365
329,368
329,383
329,390
330,334
330,345
330,348
330,352
330,353
330,358
330,359
330,364
330,365
330,367
330,370
330,381
330,385
330,389
330,392
331,334
331,346
331,355
331,362
331,364
331,376
331,377
331,382
331,392
331,395
331,397
332,344
332,353
332,356
332,367
332,370
332,372
332,386
332,393
332,399
333,336
333,344
333,352
333,353
333,360
333,362
333,366
333,385
333,386
333,392
334,337
334,338
334,346
334,348
334,357
334,359
334,360
334,362
334,365
334,367
334,371
334,380
334,381
334,386
334,391
335,345
335,352
335,354
335,357
335,360
335,369
335,378
335,388
335,390
335,392
336,344
336,351
336,352
336,353
336,356
336,363
336,367
336,368
336,382
336,387
336,389
336,391
336,392
337,339
337,340
337,344
337,346
337,347
337,352
337,360
337,380
337,381
337,385
337,390
337,395
337,396
337,398
337,400
338,344
338,347
338,351
338,353
338,356
338,368
338,374
338,375
338,377
338,378
338,380
338,382
338,388
338,397
338,398
339,342
339,351
339,352
339,357
339,359
339,369
339,370
339,372
339,378
339,379
339,392
339,396
340,341
340,344
340,351
340,357
340,366
340,368
340,370
340,375
340,378
340,382
340,385
340,389
340,399
341,345
341,359
341,363
341,365
341,370
341,373
341,385
341,396
341,400
342,344
342,351
342,352
342,367
342,368
342,370
342,371
342,373
342,375
342,388
342,393
342,397
343,355
343,356
343,361
343,363
343,371
343,380
343,381
343,382
343,383
343,387
343,391
343,395
343,397
343,400
344,346
344,355
344,378
344,385
344,386
344,387
344,390
344,395
344,399
345,348
345,350
345,352
345,357
345,370
345,383
345,390
345,391
345,396
346,349
346,350
346,352
346,356
346,362
346,364
346,380
346,381
346,387
346,388
346,389
346,390
346,397
347,357
347,360
347,361
347,368
347,370
347,377
347,383
347,386
347,393
348,349
348,352
348,353
348,362
348,367
348,373
348,375
348,384
348,386
348,387
348,388
348,391
348,397
348,400
349,354
349,358
349,360
349,362
349,365
349,370
349,376
349,377
349,383
349,386
349,393
349,395
349,398
349,399
350,354
350,355
350,359
350,360
350,361
350,373
350,374
350,375
350,376
350,378
350,380
350,386
350,387
350,392
350,394
350,396
350,397
350,398
351,355
351,372
351,376
351,378
351,383
351,386
351,387
351,394
351,395
351,399
352,358
352,363
352,364
352,366
352,372
352,380
352,387
353,354
353,355
353,356
353,361
353,365
353,366
353,367
353,376
353,386
353,387
353,389
353,391
353,400
354,355
354,359
354,371
354,374
354,378
354,381
354,389
354,396
354,397
355,358
355,362
355,371
355,372
355,375
355,378
355,392
355,396
355,398
356,363
356,364
356,365
356,369
356,373
356,374
356,383
356,386
356,388
356,390
356,392
356,398
356,400
357,367
357,368
357,373
357,379
357,393
357,394
357,397
357,399
358,363
358,367
358,368
358,369
358,370
358,373
358,381
358,393
358,396
358,397
358,399
359,364
359,378
359,384
359,386
359,392
359,393
359,394
359,400
360,367
360,371
360,381
360,384
360,390
360,392
360,393
360,394
360,396
360,398
361,371
361,378
361,379
361,381
361,384
361,392
361,395
361,398
362,373
362,386
362,390
362,394
362,398
363,365
363,366
363,378
363,393
363,397
364,371
364,374
364,376
364,378
364,380
364,396
365,366
365,377
365,385
365,390
365,396
365,397
366,370
366,371
366,374
366,375
366,378
366,379
366,380
366,387
366,392
366,394
366,396
366,400
367,369
367,373
367,386
367,391
367,395
367,399
368,379
368,397
368,398
368,400
369,371
369,379
369,382
369,384
369,386
369,388
369,392
369,393
369,395
369,397
370,375
370,376
370,378
370,387
370,389
370,396
371,374
371,379
371,382
371,387
371,389
371,393
372,375
372,382
373,376
373,379
373,385
373,390
373,394
373,397
374,392
374,394
375,399
375,400
376,380
376,382
376,396
377,386
377,387
377,395
377,399
378,391
378,399
379,381
379,397
380,381
380,384
380,385
380,391
380,399
380,400
381,386
381,389
381,398
381,399
382,384
382,387
382,389
383,388
383,390
383,392
383,393
383,400
384,393
385,400
386,389
386,390
387,388
387,391
387,392
387,398
388,394
388,396
389,390
389,395
389,396
389,399
390,398
391,392
391,394
391,399
392,396
392,398
393,399
394,395
394,400
395,398
396,400
